1.jpg = 0, 0, 0, 1, 0, 0, 0
2.jpg = 0, 0, 1, 0, 0, 0, 0
3.jpg = 0, 1, 0, 0, 0, 0, 0
4.jpg = 0, 1, 0, 0, 0, 0, 0
5.png = 0, 1, 0, 0, 0, 0, 0
6.jpg = 0, 1, 0, 1, 0, 0, 0
7.jpg = 0, 0, 1, 1, 0, 0, 0
8.png = 0, 1, 0, 0, 0, 0, 1
9.jpg = 1, 0, 1, 0, 0, 0, 0
10.jpg = 0, 0, 1, 0, 0, 1, 0
11.jpg = 0, 0, 1, 1, 0, 0, 0
12.jpg = 0, 0, 1, 0, 0, 0, 0
13.jpg = 0, 0, 0, 1, 0, 0, 0
14.jpg = 0, 1, 0, 1, 0, 0, 0
15.png = 0, 0, 1, 0, 0, 0, 0
16.jpg = 0, 1, 0, 0, 1, 0, 0
17.jpg = 0, 0, 1, 0, 0, 1, 0
18.jpg = 0, 1, 0, 0, 0, 0, 0
19.jpg = 0, 1, 0, 0, 0, 0, 0
20.jpg = 0, 1, 0, 0, 0, 0, 0
21.jpg = 0, 1, 0, 0, 0, 0, 0
22.png = 0, 0, 0, 1, 0, 0, 0
23.jpg = 0, 1, 0, 0, 1, 0, 0
24.jpg = 0, 0, 1, 1, 0, 0, 0
25.jpg = 0, 1, 0, 0, 0, 0, 0
26.jpg = 0, 1, 0, 0, 0, 0, 0
27.jpg = 0, 1, 0, 0, 1, 0, 0
28.png = 0, 1, 0, 0, 0, 0, 1
29.jpg = 0, 0, 1, 1, 0, 0, 0
30.jpg = 0, 1, 0, 0, 0, 0, 1
31.jpg = 0, 1, 0, 1, 0, 0, 0
32.jpg = 0, 0, 1, 1, 0, 0, 0
33.jpg = 0, 0, 1, 0, 0, 0, 1
34.jpg = 0, 0, 1, 1, 0, 0, 0
35.jpg = 0, 0, 1, 0, 0, 0, 0
36.jpg = 0, 0, 1, 0, 0, 0, 1
37.png = 0, 1, 0, 0, 0, 0, 0
38.jpg = 0, 0, 0, 1, 0, 0, 0
39.jpg = 0, 0, 1, 0, 0, 0, 0
40.jpg = 0, 0, 0, 1, 0, 0, 0
41.jpg = 0, 0, 1, 1, 0, 0, 0
42.png = 0, 1, 0, 1, 0, 0, 0
43.jpg = 0, 1, 0, 0, 0, 0, 1
44.jpg = 0, 0, 0, 1, 0, 0, 0
46.jpg = 0, 0, 0, 1, 0, 0, 0
47.jpg = 0, 0, 1, 1, 0, 0, 0
49.jpg = 0, 1, 0, 0, 0, 0, 0
50.jpg = 0, 1, 0, 1, 0, 0, 0
51.jpg = 0, 1, 0, 0, 0, 0, 0
53.jpg = 1, 0, 0, 1, 0, 0, 0
57.jpg = 0, 1, 0, 0, 1, 0, 0
58.jpg = 0, 1, 0, 0, 0, 0, 0
59.jpg = 0, 1, 0, 0, 0, 0, 0
63.jpg = 0, 1, 0, 0, 1, 0, 0
67.png = 0, 1, 0, 0, 0, 0, 0
71.png = 1, 0, 0, 0, 0, 0, 0
72.jpg = 0, 1, 0, 0, 0, 0, 1
73.jpg = 0, 1, 0, 0, 0, 0, 0
75.jpg = 0, 1, 0, 0, 0, 0, 0
76.jpg = 0, 0, 1, 1, 0, 0, 0
77.jpg = 0, 1, 0, 0, 1, 0, 0
78.jpg = 0, 0, 1, 0, 0, 0, 0
79.jpg = 0, 0, 0, 1, 0, 0, 0
82.jpg = 0, 1, 0, 0, 0, 0, 0
83.jpg = 0, 0, 1, 0, 0, 0, 1
86.jpg = 0, 1, 0, 0, 0, 0, 0
87.jpg = 0, 0, 1, 0, 0, 0, 0
88.jpg = 0, 1, 0, 0, 1, 0, 0
89.jpg = 0, 0, 1, 0, 0, 0, 0
92.jpg = 0, 1, 0, 0, 0, 0, 0
93.jpg = 0, 1, 0, 0, 0, 0, 0
94.jpg = 0, 0, 1, 0, 0, 0, 0
96.jpg = 0, 1, 0, 0, 0, 0, 1
97.jpg = 0, 0, 0, 1, 0, 0, 0
98.jpg = 0, 0, 1, 1, 0, 0, 0
99.jpg = 0, 1, 0, 0, 1, 0, 0
101.jpg = 0, 0, 1, 0, 0, 0, 0
104.jpg = 0, 1, 0, 0, 0, 0, 1
106.jpg = 0, 1, 0, 0, 0, 0, 1
107.jpg = 0, 1, 0, 0, 0, 0, 1
108.jpg = 0, 1, 0, 1, 0, 0, 0
109.jpg = 0, 0, 0, 1, 0, 0, 0
110.jpg = 0, 1, 0, 0, 0, 0, 0
112.jpg = 0, 1, 0, 0, 0, 0, 0
116.jpg = 0, 0, 1, 1, 0, 0, 0
118.jpg = 0, 1, 0, 0, 0, 0, 0
123.jpg = 0, 0, 1, 0, 0, 0, 1
124.jpg = 0, 0, 1, 0, 0, 0, 0
129.jpg = 0, 0, 1, 1, 0, 0, 0
130.jpg = 0, 1, 0, 0, 0, 0, 0
134.jpg = 0, 1, 0, 0, 0, 0, 1
135.jpg = 0, 0, 1, 0, 0, 0, 0
136.jpg = 0, 1, 0, 0, 1, 0, 0
137.jpg = 0, 1, 0, 0, 0, 0, 0
139.jpg = 0, 0, 1, 1, 0, 0, 0
141.jpg = 0, 1, 0, 0, 1, 0, 0
142.jpg = 0, 0, 1, 0, 0, 0, 0
146.jpg = 0, 0, 1, 0, 0, 0, 1
147.jpg = 0, 1, 0, 0, 0, 0, 0
149.jpg = 0, 0, 1, 0, 0, 0, 0
154.jpg = 0, 0, 0, 1, 0, 0, 0
155.jpg = 0, 1, 0, 0, 0, 0, 0
158.jpg = 0, 1, 0, 1, 0, 0, 0
160.jpg = 0, 0, 1, 0, 0, 0, 0
164.jpg = 0, 1, 0, 0, 0, 0, 1
165.jpg = 0, 0, 1, 0, 0, 0, 0
166.jpg = 0, 0, 1, 1, 0, 0, 0
167.jpg = 0, 1, 0, 0, 0, 0, 0
171.jpg = 0, 1, 0, 0, 1, 0, 0
173.jpg = 0, 0, 1, 1, 0, 0, 0
174.jpg = 0, 0, 1, 0, 0, 0, 0
176.jpg = 0, 1, 0, 0, 0, 0, 1
179.jpg = 0, 0, 0, 1, 0, 0, 0
184.jpg = 0, 1, 0, 0, 0, 0, 0
185.jpg = 0, 1, 0, 0, 0, 0, 0
190.jpg = 0, 1, 0, 0, 0, 0, 0
192.jpg = 0, 1, 0, 0, 0, 0, 0
193.jpg = 0, 0, 0, 1, 0, 0, 0
197.jpg = 1, 0, 0, 0, 0, 0, 0
198.jpg = 0, 0, 1, 1, 0, 0, 0
199.jpg = 0, 0, 1, 1, 0, 0, 0
200.jpg = 0, 0, 0, 1, 0, 0, 0
202.jpg = 0, 1, 0, 0, 0, 0, 0
203.jpg = 0, 1, 0, 0, 1, 0, 0
205.jpg = 0, 1, 0, 0, 0, 0, 1
206.jpg = 0, 1, 0, 0, 1, 0, 0
207.jpg = 0, 1, 0, 0, 0, 0, 0
208.jpg = 0, 1, 0, 0, 0, 0, 0
209.jpg = 0, 0, 1, 0, 0, 0, 0
210.jpg = 0, 1, 0, 0, 0, 0, 0
211.jpg = 0, 1, 0, 0, 1, 0, 0
212.jpg = 0, 1, 0, 0, 0, 0, 0
214.jpg = 0, 1, 0, 0, 0, 0, 0
215.jpg = 0, 1, 0, 0, 0, 0, 1
216.jpg = 0, 1, 0, 0, 0, 0, 1
218.jpg = 0, 0, 1, 0, 0, 0, 0
219.jpg = 0, 1, 0, 0, 1, 0, 0
220.jpg = 0, 1, 0, 0, 1, 0, 0
221.jpg = 0, 1, 0, 0, 0, 0, 0
222.jpg = 0, 1, 0, 0, 0, 0, 0
223.jpg = 0, 1, 0, 0, 0, 0, 0
224.jpg = 0, 1, 0, 0, 0, 0, 0
227.jpg = 0, 1, 0, 0, 0, 0, 1
228.jpg = 0, 1, 0, 0, 0, 0, 0
229.jpg = 0, 1, 0, 0, 0, 0, 1
230.jpg = 0, 1, 0, 0, 0, 0, 0
231.jpg = 0, 1, 0, 0, 0, 0, 0
234.jpg = 0, 1, 0, 0, 0, 0, 1
240.jpg = 0, 0, 0, 1, 0, 0, 0
242.jpg = 0, 1, 0, 0, 1, 0, 0
246.jpg = 0, 1, 0, 0, 1, 0, 0
247.jpg = 0, 1, 0, 0, 0, 0, 1
248.jpg = 0, 1, 0, 0, 0, 0, 1
252.jpg = 0, 0, 1, 0, 0, 0, 0
253.jpg = 0, 1, 0, 0, 1, 0, 0
255.jpg = 0, 1, 0, 0, 0, 0, 0
256.jpg = 0, 1, 0, 0, 0, 0, 1
257.jpg = 0, 1, 0, 0, 0, 0, 0
259.jpg = 0, 1, 0, 0, 0, 0, 0
261.jpg = 0, 1, 0, 0, 0, 0, 0
263.jpg = 0, 1, 0, 0, 0, 0, 1
264.jpg = 0, 1, 0, 0, 0, 0, 1
267.jpg = 0, 1, 0, 0, 0, 0, 0
269.jpg = 0, 0, 0, 1, 0, 0, 0
274.jpg = 0, 1, 0, 0, 0, 0, 1
275.jpg = 0, 0, 1, 0, 0, 0, 0
276.jpg = 0, 0, 1, 0, 0, 0, 0
280.jpg = 0, 1, 0, 0, 1, 0, 0
284.jpg = 0, 1, 0, 0, 0, 0, 0
285.jpg = 0, 1, 0, 0, 0, 0, 0
286.jpg = 0, 1, 0, 0, 0, 0, 0
287.jpg = 0, 1, 0, 0, 1, 0, 0
288.jpg = 0, 1, 0, 0, 0, 0, 0
299.jpg = 0, 1, 0, 0, 0, 0, 0
312.jpg = 0, 1, 0, 0, 0, 0, 0
313.jpg = 0, 1, 0, 0, 0, 0, 0
321.jpg = 0, 1, 0, 0, 1, 0, 0
326.jpg = 0, 1, 0, 0, 0, 0, 0
338.jpg = 0, 0, 1, 0, 0, 1, 0
357.jpg = 0, 0, 0, 1, 0, 0, 0
392.jpg = 0, 1, 0, 0, 0, 0, 0
405.jpg = 0, 1, 0, 0, 0, 0, 0
408.jpg = 0, 1, 0, 0, 1, 0, 0
424.jpg = 1, 0, 1, 0, 0, 0, 0
432.jpg = 0, 0, 0, 1, 0, 0, 0
433.jpg = 0, 0, 0, 1, 0, 0, 0
435.jpg = 0, 1, 0, 0, 1, 0, 0
448.jpg = 0, 1, 0, 0, 0, 0, 1
464.jpg = 0, 1, 0, 0, 0, 0, 0
465.jpg = 0, 1, 0, 0, 0, 0, 0
470.jpg = 0, 0, 0, 1, 0, 0, 0
475.jpg = 0, 1, 0, 1, 0, 0, 0
476.jpg = 1, 0, 0, 0, 0, 0, 0
477.jpg = 0, 1, 0, 0, 0, 0, 0
478.jpg = 0, 1, 0, 0, 1, 0, 0
479.jpg = 0, 0, 0, 0, 1, 0, 0
488.jpg = 0, 1, 0, 0, 0, 0, 0
492.jpg = 0, 1, 0, 0, 0, 0, 0
505.jpg = 1, 0, 1, 0, 0, 0, 0
510.jpg = 0, 1, 0, 0, 0, 0, 0
511.jpg = 0, 1, 0, 0, 0, 0, 0
515.jpg = 0, 1, 0, 1, 0, 0, 0
520.jpg = 0, 0, 0, 1, 0, 0, 0
533.jpg = 0, 1, 0, 0, 0, 0, 1
535.jpg = 0, 1, 0, 0, 0, 0, 0
539.jpg = 0, 1, 0, 0, 1, 0, 0
545.jpg = 0, 0, 1, 0, 0, 0, 0
549.jpg = 0, 0, 1, 1, 0, 0, 0
565.jpg = 0, 1, 0, 0, 0, 0, 0
569.jpg = 0, 1, 0, 0, 0, 0, 0
579.jpg = 0, 0, 1, 0, 0, 0, 0
581.jpg = 0, 0, 0, 1, 0, 0, 0
585.jpg = 0, 1, 0, 0, 0, 0, 0
593.jpg = 0, 0, 1, 0, 0, 0, 0
599.jpg = 0, 1, 0, 0, 0, 0, 0
600.jpg = 0, 1, 0, 0, 0, 0, 0
609.jpg = 0, 1, 0, 0, 0, 0, 0
615.jpg = 0, 1, 0, 0, 0, 0, 0
621.jpg = 0, 1, 0, 0, 0, 0, 0
633.jpg = 0, 1, 0, 0, 1, 0, 0
635.jpg = 0, 1, 0, 0, 0, 0, 1
636.jpg = 0, 0, 1, 0, 0, 0, 0
638.jpg = 0, 1, 0, 0, 0, 0, 0
640.jpg = 0, 1, 0, 0, 0, 0, 0
648.jpg = 1, 0, 0, 0, 0, 0, 0
649.jpg = 0, 0, 0, 0, 1, 0, 0
655.jpg = 0, 1, 0, 0, 0, 0, 1
658.jpg = 0, 1, 0, 0, 0, 0, 0
675.jpg = 0, 1, 0, 0, 0, 0, 0
681.jpg = 1, 0, 1, 0, 0, 0, 0
686.jpg = 0, 1, 0, 0, 0, 0, 1
687.jpg = 0, 0, 1, 0, 0, 0, 0
693.jpg = 0, 0, 1, 0, 0, 0, 0
694.jpg = 0, 1, 0, 0, 0, 0, 0
697.jpg = 0, 1, 0, 0, 0, 0, 0
698.jpg = 0, 0, 1, 0, 0, 0, 0
722.jpg = 0, 1, 0, 0, 0, 0, 0
730.jpg = 0, 0, 1, 0, 0, 0, 0
740.jpg = 0, 0, 1, 0, 0, 0, 0
766.jpg = 0, 0, 1, 0, 0, 0, 0
767.jpg = 0, 1, 0, 0, 0, 0, 1
769.jpg = 0, 1, 0, 0, 0, 0, 0
772.jpg = 0, 0, 1, 0, 0, 0, 0
826.jpg = 0, 0, 1, 0, 0, 0, 0
850.jpg = 0, 1, 0, 0, 0, 0, 0
872.jpg = 0, 1, 0, 0, 1, 0, 0
876.jpg = 1, 0, 1, 0, 0, 0, 0
879.jpg = 0, 1, 0, 0, 0, 0, 1
881.jpg = 0, 0, 0, 1, 0, 0, 0
887.jpg = 0, 0, 1, 1, 0, 0, 0
893.jpg = 1, 0, 1, 0, 0, 0, 0
899.jpg = 0, 0, 1, 0, 0, 0, 0
901.jpg = 0, 0, 0, 1, 0, 0, 0
914.jpg = 0, 0, 0, 1, 0, 0, 0
921.jpg = 1, 0, 0, 0, 0, 0, 0
931.jpg = 0, 0, 0, 0, 0, 1, 0
959.jpg = 0, 0, 0, 0, 1, 0, 0
964.jpg = 0, 0, 1, 0, 0, 0, 0
972.jpg = 0, 0, 1, 0, 0, 0, 0
973.jpg = 0, 0, 1, 0, 0, 0, 0
985.jpg = 1, 0, 0, 0, 0, 0, 0
986.jpg = 0, 0, 1, 0, 0, 0, 0
994.jpg = 0, 1, 0, 0, 0, 0, 1
1001.jpg = 0, 0, 1, 0, 0, 0, 0
1002.jpg = 0, 0, 1, 0, 0, 0, 0
1016.jpg = 0, 0, 1, 0, 0, 0, 0
1025.jpg = 0, 0, 1, 0, 0, 0, 0
1028.jpg = 0, 1, 0, 0, 0, 0, 0
1055.jpg = 0, 0, 1, 1, 0, 0, 0
1094.jpg = 0, 1, 0, 0, 0, 0, 0
1109.jpg = 0, 1, 0, 0, 0, 0, 0
1110.jpg = 0, 1, 0, 0, 0, 0, 0
1113.jpg = 0, 0, 1, 0, 0, 0, 0
1121.jpg = 0, 1, 0, 0, 1, 0, 0
1126.jpg = 0, 1, 0, 0, 0, 0, 0
1132.jpg = 0, 1, 0, 0, 0, 0, 0
1135.jpg = 0, 1, 0, 0, 0, 0, 0
1146.jpg = 0, 0, 1, 0, 0, 0, 0
1178.jpg = 0, 0, 1, 0, 0, 0, 0
1185.jpg = 0, 0, 1, 0, 0, 0, 0
1191.jpg = 0, 0, 1, 0, 0, 0, 0
1224.jpg = 0, 0, 1, 0, 0, 0, 0
1254.jpg = 0, 0, 1, 1, 0, 0, 0
1257.jpg = 0, 0, 1, 0, 0, 0, 0
1323.jpg = 0, 0, 1, 0, 0, 0, 0
1339.jpg = 0, 1, 0, 0, 0, 0, 0
1352.jpg = 0, 1, 0, 0, 0, 0, 0
1353.jpg = 1, 0, 0, 0, 0, 0, 0
1354.jpg = 1, 0, 0, 0, 0, 0, 0
1362.jpg = 0, 1, 0, 0, 0, 0, 0
1375.jpg = 0, 1, 0, 0, 0, 0, 0
1396.jpg = 0, 0, 1, 0, 0, 0, 0
1397.jpg = 0, 0, 1, 0, 0, 0, 1
1407.jpg = 1, 0, 0, 0, 0, 0, 0
1411.jpg = 0, 1, 0, 0, 0, 0, 0
1418.jpg = 0, 1, 0, 0, 0, 0, 0
1426.jpg = 0, 0, 1, 0, 0, 0, 1
1476.jpg = 0, 1, 0, 0, 0, 0, 1
1487.jpg = 0, 0, 1, 0, 0, 0, 0
1489.jpg = 0, 1, 0, 0, 0, 0, 0
1490.jpg = 0, 0, 0, 1, 0, 0, 0
1499.jpg = 0, 0, 1, 0, 0, 0, 1
1552.jpg = 0, 1, 0, 0, 0, 0, 1
1561.jpg = 0, 0, 0, 1, 0, 0, 0
1562.jpg = 1, 0, 0, 0, 0, 0, 0
1564.jpg = 1, 0, 1, 0, 0, 0, 0
1566.jpg = 0, 0, 0, 1, 0, 0, 0
1567.jpg = 0, 0, 1, 0, 0, 0, 1
1573.jpg = 0, 0, 1, 0, 0, 0, 0
1577.jpg = 0, 0, 1, 0, 0, 0, 0
1579.jpg = 0, 1, 0, 0, 0, 0, 0
1591.jpg = 0, 0, 0, 1, 0, 0, 0
1594.jpg = 0, 1, 0, 0, 0, 0, 0
1599.jpg = 0, 0, 0, 1, 0, 0, 0
1603.jpg = 0, 0, 0, 1, 0, 0, 0
1604.jpg = 0, 0, 1, 0, 0, 0, 0
1608.jpg = 0, 0, 1, 0, 0, 0, 0
1623.jpg = 0, 1, 0, 0, 0, 0, 0
1635.jpg = 0, 0, 0, 1, 0, 0, 0
1642.jpg = 0, 1, 0, 0, 0, 0, 0
1645.jpg = 0, 1, 0, 0, 0, 0, 0
1646.jpg = 0, 0, 0, 1, 0, 0, 0
1647.jpg = 0, 0, 0, 0, 0, 1, 0
1648.jpg = 0, 0, 1, 0, 0, 0, 0
1649.jpg = 0, 0, 0, 1, 0, 0, 0
1650.jpg = 0, 0, 0, 1, 0, 0, 0
1651.jpg = 0, 0, 0, 1, 0, 0, 0
1652.jpg = 0, 0, 0, 1, 0, 0, 0
1653.jpg = 0, 0, 0, 0, 0, 1, 0
1657.jpg = 0, 0, 0, 1, 0, 0, 0
1658.jpg = 0, 0, 0, 1, 0, 0, 0
1659.jpg = 0, 0, 1, 0, 0, 0, 0
1660.jpg = 0, 0, 1, 0, 0, 0, 0
1661.jpg = 0, 0, 0, 0, 0, 1, 0
1663.jpg = 0, 0, 0, 0, 0, 1, 0
1665.jpg = 0, 0, 0, 0, 0, 1, 0
1666.jpg = 0, 0, 0, 0, 0, 1, 0
1667.jpg = 0, 0, 0, 0, 0, 1, 0
1669.jpg = 0, 1, 0, 0, 0, 0, 1
1672.jpg = 0, 0, 0, 1, 0, 0, 0
1673.jpg = 0, 0, 1, 0, 0, 0, 0
1674.jpg = 0, 0, 1, 0, 0, 0, 0
1679.jpg = 0, 0, 1, 0, 0, 0, 0
1688.jpg = 1, 0, 1, 0, 0, 0, 0
1694.jpg = 0, 0, 0, 1, 0, 0, 0
1695.jpg = 0, 0, 0, 0, 0, 1, 0
1699.jpg = 0, 0, 1, 0, 0, 0, 1
1702.jpg = 0, 0, 0, 0, 0, 0, 1
1705.jpg = 0, 0, 0, 0, 0, 1, 0
1709.jpg = 0, 1, 0, 0, 0, 0, 0
1714.jpg = 0, 0, 0, 0, 0, 1, 0
1718.jpg = 0, 0, 0, 0, 0, 1, 0
1721.jpg = 0, 0, 1, 0, 0, 0, 0
1725.jpg = 0, 0, 1, 0, 0, 0, 0
1727.jpg = 0, 0, 1, 0, 0, 0, 0
1734.jpg = 0, 0, 0, 1, 0, 0, 0
1736.jpg = 0, 1, 0, 0, 0, 0, 1
1740.jpg = 0, 0, 0, 1, 0, 0, 0
1748.jpg = 0, 0, 0, 1, 0, 0, 0
1771.jpg = 0, 0, 1, 0, 0, 0, 0
1775.jpg = 0, 0, 0, 1, 0, 0, 0
1776.jpg = 0, 0, 1, 0, 0, 0, 0
1781.jpg = 0, 0, 1, 0, 0, 0, 0
1782.jpg = 0, 0, 0, 1, 0, 0, 0
1783.jpg = 0, 0, 0, 0, 0, 1, 0
1784.jpg = 0, 0, 0, 0, 0, 1, 0
1785.jpg = 0, 0, 1, 0, 0, 0, 0
1787.jpg = 0, 0, 0, 0, 0, 1, 0
1788.jpg = 0, 0, 0, 0, 0, 1, 0
1791.jpg = 0, 0, 0, 1, 0, 0, 0
1796.jpg = 0, 0, 0, 1, 0, 0, 0
1797.jpg = 0, 0, 1, 0, 0, 0, 0
1798.jpg = 0, 0, 0, 0, 0, 1, 0
1820.jpg = 0, 0, 0, 0, 0, 1, 0
1823.jpg = 0, 0, 0, 1, 0, 0, 0
1824.jpg = 0, 0, 1, 0, 0, 0, 0
1828.jpg = 0, 1, 0, 0, 0, 0, 0
1833.jpg = 0, 0, 1, 0, 0, 0, 0
1845.jpg = 0, 0, 0, 0, 0, 1, 0
1849.jpg = 0, 0, 0, 0, 0, 1, 0
1852.jpg = 0, 0, 0, 1, 0, 0, 0
1858.jpg = 0, 0, 1, 0, 0, 0, 0
1859.jpg = 0, 0, 1, 0, 0, 0, 0
1860.jpg = 0, 0, 1, 0, 0, 0, 0
1862.jpg = 0, 0, 0, 0, 0, 1, 0
1864.jpg = 0, 0, 0, 0, 0, 1, 0
1867.jpg = 0, 0, 1, 0, 0, 0, 0
1868.jpg = 0, 0, 0, 1, 0, 0, 0
1869.jpg = 0, 0, 0, 0, 0, 1, 0
1877.jpg = 0, 1, 0, 0, 0, 0, 0
1882.jpg = 0, 1, 0, 0, 0, 0, 0
1896.jpg = 0, 0, 0, 0, 0, 1, 0
1897.jpg = 0, 0, 1, 0, 0, 0, 0
1898.jpg = 0, 0, 0, 1, 0, 0, 0
1901.jpg = 0, 0, 0, 1, 0, 0, 0
1902.jpg = 0, 0, 0, 0, 0, 1, 0
1905.jpg = 0, 0, 0, 0, 0, 1, 0
1906.jpg = 0, 0, 0, 0, 0, 1, 0
1907.jpg = 0, 0, 0, 0, 0, 1, 0
1908.jpg = 0, 0, 0, 1, 0, 0, 0
1909.jpg = 0, 0, 0, 1, 0, 0, 0
1911.jpg = 0, 0, 1, 0, 0, 0, 0
1928.jpg = 0, 1, 0, 0, 0, 0, 0